{
  "advancedEditorSelectedIdentifier" : "ProjectBrowser",
  "openSceneRelativePaths" : [
    "Immersive.usda",
    "Scene.usda"
  ],
  "recentIdentifiers" : {
    "D66134B1-3681-4A8E-AFE5-29F257229F3B" : [

    ]
  },
  "sceneCameraHistory" : {
    "AF09ED6F-1707-48FD-8720-65B998362C09" : [
      {
        "date" : 724991382.836325,
        "title" : "Untitled",
        "transform" : [
          0.99999994,
          0,
          -0,
          0,
          -0,
          0.86602443,
          -0.50000155,
          0,
          0,
          0.50000155,
          0.86602443,
          0,
          0,
          3.9360561,
          4.70011,
          1
        ]
      }
    ],
    "D66134B1-3681-4A8E-AFE5-29F257229F3B" : [
      {
        "date" : 724998436.661268,
        "title" : "Untitled",
        "transform" : [
          1,
          0,
          0,
          0,
          0,
          0.7071069,
          -0.70710677,
          0,
          0,
          0.70710677,
          0.7071069,
          0,
          0.03015525,
          0.28649098,
          0.4683009,
          1
        ]
      },
      {
        "date" : 724998403.717489,
        "title" : "Untitled",
        "transform" : [
          1,
          0,
          0,
          0,
          0,
          0.7071069,
          -0.70710677,
          0,
          0,
          0.70710677,
          0.7071069,
          0,
          -0.027575487,
          0.18443646,
          0.5703554,
          1
        ]
      },
      {
        "date" : 724998396.518881,
        "title" : "Untitled",
        "transform" : [
          1,
          0,
          0,
          0,
          0,
          0.7071069,
          -0.70710677,
          0,
          0,
          0.70710677,
          0.7071069,
          0,
          -0.028582865,
          1.096856,
          1.5568576,
          1
        ]
      },
      {
        "date" : 724998388.023795,
        "title" : "Untitled",
        "transform" : [
          -0.4246279,
          8.3338314e-10,
          0.9053679,
          0,
          0.14217348,
          -0.9875932,
          0.06668099,
          0,
          0.89413524,
          0.15703394,
          0.41935965,
          0,
          -0.013645358,
          0.2015955,
          0.4076142,
          1
        ]
      },
      {
        "date" : 724998330.710462,
        "title" : "Untitled",
        "transform" : [
          0.99999994,
          0,
          0,
          0,
          0,
          0.8660254,
          -0.49999994,
          0,
          0,
          0.49999994,
          0.8660254,
          0,
          -0.013645358,
          0.2015955,
          0.4076142,
          1
        ]
      },
      {
        "date" : 724998316.532559,
        "title" : "Untitled",
        "transform" : [
          0.99999994,
          0,
          0,
          0,
          0,
          0.8660254,
          -0.49999994,
          0,
          0,
          0.49999994,
          0.8660254,
          0,
          0.020348154,
          0.07434185,
          0.48108408,
          1
        ]
      },
      {
        "date" : 724998313.952252,
        "title" : "Untitled",
        "transform" : [
          0.99999994,
          0,
          0,
          0,
          0,
          0.8660254,
          -0.49999994,
          0,
          0,
          0.49999994,
          0.8660254,
          0,
          -0.0046282057,
          0.0667572,
          0.48546305,
          1
        ]
      },
      {
        "date" : 724998290.426955,
        "title" : "Untitled",
        "transform" : [
          0.99999994,
          0,
          0,
          0,
          0,
          0.8660254,
          -0.49999994,
          0,
          0,
          0.49999994,
          0.8660254,
          0,
          0.0038053691,
          0.047936138,
          0.4963294,
          1
        ]
      },
      {
        "date" : 724998285.666133,
        "title" : "Untitled",
        "transform" : [
          0.99999994,
          0,
          0,
          0,
          0,
          0.8660254,
          -0.49999994,
          0,
          0,
          0.49999994,
          0.8660254,
          0,
          0.008188292,
          0.01567262,
          0.5149567,
          1
        ]
      },
      {
        "date" : 724991789.275261,
        "title" : "Untitled",
        "transform" : [
          0.99999994,
          0,
          -0,
          0,
          -0,
          0.8660254,
          -0.49999994,
          0,
          0,
          0.49999994,
          0.8660254,
          0,
          0,
          0.22681434,
          0.393054,
          1
        ]
      }
    ],
    "E36735E5-16EB-4074-8907-2F405F965C58" : [
      {
        "date" : 724998232.197444,
        "title" : "Untitled",
        "transform" : [
          0.99954605,
          -2.2984918e-10,
          -0.030126413,
          0,
          -0.004906914,
          0.98664623,
          -0.16280355,
          0,
          0.029724116,
          0.16287749,
          0.9861984,
          0,
          0.011056374,
          0.17916936,
          0.38683778,
          1
        ]
      },
      {
        "date" : 724997662.716237,
        "title" : "Untitled",
        "transform" : [
          0.9995461,
          -1.8074844e-10,
          -0.030126413,
          0,
          -0.004906914,
          0.9866463,
          -0.16280355,
          0,
          0.029724116,
          0.16287749,
          0.9861985,
          0,
          0.014170098,
          0.07094462,
          0.47044045,
          1
        ]
      },
      {
        "date" : 724997660.902472,
        "title" : "Untitled",
        "transform" : [
          0.9995461,
          8.154625e-13,
          -0.03012641,
          0,
          4.1985055e-05,
          0.99999905,
          0.001392997,
          0,
          0.03012638,
          -0.0013936295,
          0.9995451,
          0,
          0.014328585,
          -0.0073249023,
          0.47569886,
          1
        ]
      },
      {
        "date" : 724997657.785164,
        "title" : "Untitled",
        "transform" : [
          0.99848086,
          2.8870363e-06,
          -0.055100653,
          0,
          0.009937347,
          0.9835932,
          0.18012655,
          0,
          0.05419715,
          -0.18040046,
          0.982099,
          0,
          0.025718197,
          -0.09240935,
          0.46620548,
          1
        ]
      },
      {
        "date" : 724997648.363141,
        "title" : "Untitled",
        "transform" : [
          0.9999874,
          -4.430345e-13,
          -0.0050118533,
          0,
          -0.00019341029,
          0.9992551,
          -0.03859009,
          0,
          0.00500812,
          0.038590573,
          0.99924254,
          0,
          0.00237003,
          0.011709513,
          0.4758213,
          1
        ]
      },
      {
        "date" : 724992172.047115,
        "title" : "Untitled",
        "transform" : [
          0.99999994,
          0,
          -0,
          0,
          -0,
          0.8660254,
          -0.49999994,
          0,
          0,
          0.49999994,
          0.8660254,
          0,
          0,
          0.2264275,
          0.39218396,
          1
        ]
      }
    ]
  },
  "selectedSceneRelativePath" : "Scene.usda"
}